4.288305282592773
4.03975772857666
3.822385311126709
3.900967836380005
3.7789454460144043
3.6079823970794678
3.0694806575775146
3.6033973693847656
4.5097432136535645
3.753333568572998
3.6726303100585938
3.7182345390319824
2.8611936569213867
3.3423664569854736
3.362236261367798
3.624260425567627
2.5556304454803467
2.8757121562957764
3.5133779048919678
3.184631109237671
3.279655694961548
3.926182270050049
4.402346611022949
3.1346893310546875
3.896965265274048
3.569119691848755
3.3236708641052246
3.7650933265686035
3.6890368461608887
3.5724852085113525
3.4588944911956787
3.392400026321411
3.6193156242370605
2.782775402069092
3.5924267768859863
4.378992080688477
4.135363578796387
3.600287675857544
3.79461407661438
2.7470967769622803
3.294752836227417
3.5207180976867676
3.307481288909912
3.516042947769165
2.9099810123443604
3.4920430183410645
3.17159104347229
3.31381893157959
3.719785451889038
4.155076503753662
3.0490221977233887
3.8191990852355957
3.575871467590332
3.0344927310943604
3.4438977241516113
3.472717761993408
3.496286153793335
3.293884038925171
3.157078504562378
3.313490390777588
2.900359630584717
2.838245391845703
3.630540370941162
3.3193042278289795
3.0111608505249023
3.0526750087738037
2.3298609256744385
2.8983428478240967
2.881927251815796
2.683589458465576
2.986903429031372
2.434478282928467
2.7716524600982666
2.572974443435669
2.8112730979919434
3.0766732692718506
3.366755962371826
2.516913414001465
3.1963021755218506
2.8768317699432373
2.592700242996216
2.9980149269104004
2.7798686027526855
